sharpe_ratio: 1.1064495
stdev: 0.0087783
ir2: 2.6274789
sortino_ratio: 1.6248771
start: start 2019-11-07 00:59:00
end: end 2021-08-22 23:59:00
sharpe_ratio_full: 0.9713215
stdev_full: 0.0087403
ir2_full: 2.1238679
sortino_ratio_full: 1.4249272
start_full: start 2019-10-23 06:59:00
end_full: end 2021-09-12 05:59:00
