sharpe_ratio: 1.3371098
stdev: 0.0109687
ir2: 4.2634751
sortino_ratio: 1.9519392
start: start 2019-11-07 00:59:00
end: end 2021-08-22 23:59:00
sharpe_ratio_full: 1.3398803
stdev_full: 0.0108603
ir2_full: 4.465382
sortino_ratio_full: 1.9608798
start_full: start 2019-10-23 06:59:00
end_full: end 2021-09-12 05:59:00
