sharpe_ratio: 1.1981572
stdev: 0.0125113
ir2: 2.6564677
sortino_ratio: 1.7849741
start: start 2019-11-07 00:59:00
end: end 2021-08-22 23:59:00
sharpe_ratio_full: 1.2357611
stdev_full: 0.0124166
ir2_full: 2.9543138
sortino_ratio_full: 1.8491213
start_full: start 2019-10-23 06:59:00
end_full: end 2021-09-12 05:59:00
