sharpe_ratio: 0.8307068
stdev: 0.0087819
ir2: 1.3191393
sortino_ratio: 1.2198012
start: start 2019-11-07 00:59:00
end: end 2021-08-22 23:59:00
sharpe_ratio_full: 0.5790367
stdev_full: 0.0087088
ir2_full: 0.5229402
sortino_ratio_full: 0.8486369
start_full: start 2019-10-16 06:59:00
end_full: end 2021-09-15 05:59:00
