sharpe_ratio: 1.252376
stdev: 0.00809
ir2: 4.6217638
sortino_ratio: 1.7989985
start: start 2018-02-08 00:59:00
end: end 2019-09-01 23:59:00
sharpe_ratio_full: 1.0748383
stdev_full: 0.00875
ir2_full: 2.1608575
sortino_ratio_full: 1.5315934
start_full: start 2018-01-16 07:59:00
end_full: end 2019-09-24 06:59:00
