sharpe_ratio: 1.2084764
stdev: 0.0109703
ir2: 2.0650911
sortino_ratio: 1.766933
start: start 2019-11-07 00:59:00
end: end 2021-08-22 23:59:00
sharpe_ratio_full: 1.0428101
stdev_full: 0.0108193
ir2_full: 1.6207236
sortino_ratio_full: 1.5205762
start_full: start 2019-10-16 06:59:00
end_full: end 2021-09-15 05:59:00
