sharpe_ratio: 1.0996773
stdev: 0.0125134
ir2: 1.8793157
sortino_ratio: 1.6298085
start: start 2019-11-07 00:59:00
end: end 2021-08-22 23:59:00
sharpe_ratio_full: 0.8913088
stdev_full: 0.0123629
ir2_full: 1.3035469
sortino_ratio_full: 1.3248135
start_full: start 2019-10-16 06:59:00
end_full: end 2021-09-15 05:59:00
