sharpe_ratio: 1.178042
stdev: 0.0080887
ir2: 2.9023946
sortino_ratio: 1.6781088
start: start 2018-02-08 00:59:00
end: end 2019-09-01 23:59:00
sharpe_ratio_full: 1.176225
stdev_full: 0.0084549
ir2_full: 3.2310315
sortino_ratio_full: 1.6719201
start_full: start 2018-01-23 07:59:00
end_full: end 2019-09-25 06:59:00
